+18735624302
+15814909267
+15816687808
+15794203183
+15817489346
+15793619930
+14189432969
+15814907758
+15818498379
+15817484648
+15816687834
+15817487085
+15816733658
+14189438078
+14505584385
+15794204165
+15794205234
+15794205888
+15818492908
+14505588547
+18735627507
+15794208486
+15819799019
+15817485277
+15793616430
+18735625153
+15816681995
+15816684947
+15819797278
+18735625771
+15817485851
+14505581806
+15816685781
+14189434556
+15819883278
+18735625875
+15814906145
+14184505363
+15814901989
+18735620246
+15819801288
+15819887101
+15817481360
+14505589823
+15817480896
+18735623564
+15819888552
+15817486075
+15819791787
+15819881394
+15819886193
+15818493151
+15816733768
+15794209949
+15816738812
+15816683590
+14184508020
+15819793087
+14189438395
+15818495004
+15819886047
+15817487919
+15818494200
+15816736721
+14505587105
+15814903234
+14184508613
+14505587520
+15818492394
+15819884643
+14184509797
+15817487106
+15817485270
+15817483138
+15817485361
+14505589245
+18735624586
+15817482289
+14189434988
+15818497725
+15794205258
+15817487081
+15818496476
+15819802482
+15793613199
+15816687061
+15794208636
+14184508173
+15819793444
+15819888898
+15819790143
+15819808779
+14184507458
+15819796262
+15819884797
+15816737658
+15794204419
+15794201490
+15818499538
+15819791729
+15816680788
+18735626874
+15793619696
+15814901861
+18735623742
+14505586178
+15819797479
+15819797528
+15816732284
+15819794117
+18735626745
+14184502935
+14184504109
+14505587715
+15816731853
+15814901803
+15819795833
+15819792636
+15793615398
+15794201707
+15816738517
+14189435314
+15817482585
+15817481056
+15794204100
+15814909975
+15814901229
+15816736183
+15794207000
+15816735164
+15794204448
+15818493804
+15814907665
+15819880941
+14184507833
+14505584025
+15819798214
+15816736890
+15814908285
+15819802466
+15819889360
+15818493412
+15819796474
+14189439145
+14505583149
+15819880638
+14184503615
+15819792004
+15814903804
+14505589652
+15819885284
+15793615052
+14189437146
+15817482021
+14505582310
+14505589780
+15819791338
+15818490696
+15819790614
+15819808140
+15818493734
+15793616713
+15816730679
+14189437186
+15819882468
+15816730485
+15817486932
+15817488850
+14184505847
+14184503257
+15794208290
+15819791045
+15819809044
+15816730480
+14189437433
+14505588337
+15819794112
+15819799304
+15816733729
+15819804827
+18735627727
+15817486010
+15816735193
+15816688921
+18735620487
+15793618433
+15793619071
+15819790587
+15814909234
+18735620520
+15814907726
+15817488899
+15794201529
+15819885943
+15816682211
+15816687729
+15818492457
+15819881474
+15819802000
+15794203673
+15819798832
+14189435557
+15819803106
+15818494994
+15816686938
+15819805466
+14189436690
+15818499448
+14505586033
+15818493457
+15819881499
+14505587003
+15817486046
+15819794518
+15817481319
+15819803745
+14189436371
+15814901687
+15793610388
+15818497560
+15819880590
+14184509224
+15819806534
+15817481920
+15816735877
+15819800088
+18735620101
+15818494436
+14184503727
+15816687977
+15794201414
+15793618991
+15817488282
+15794203711
+15818498985
+15819796293
+15819806864
+15817483944
+15794205197
+14184508174
+18735627646
+18735627729
+15794203078
+15819795226
+15818494691
+15819886679
+14184509941
+14189433888
+15816683685
+15819796767
+14189431225
+15819808495
+14505584512
+14184506188
+15817489335
+15816683985
+15819882431
+15814906161
+18735621894
+14184505834
+15793612163
+15819805469
+15818493466
+14184506841
+15819792599
+15793616501
+14184509731
+15819797266
+14184505774
+15794202004
+14189437441
+15793617403
+14184506308
+15818493798
+15819800861
+14505589508
+15819889422
+15816733159
+15794204199
+15816689968
+15819801289
+15816737872
+15816684467
+15794207256
+15819883326
+15817484716
+15819792773
+15816735640
+15816734973
+15819800313
+15816730894
+15816689553
+14505588497
+14505581973
+15819792106
+15819889636
+15818492062
+15817485407
+14505580881
+14184506744
+15814903885
+14505587583
+15814904949
+15794206749
+15819880303
+15817485204
+15819791317
+15794204218
+14505584252
+15819805649
+15819887110
+15816684730
+15814904025
+18735623076
+15817487611
+14184507882
+14184507556
+15819808721
+14189439893
+18735626727
+18735626319
+15819801868
+15819804880
+15816736583
+15819806115
+15819797301
+18735628768
+18735629656
+15794206314
+15819886571
+15819886550
+15819795928
+15819808992
+15816682378
+15817487545
+15793619480
+15793618723
+15819804193
+15819798053
+15819797778
+15819809145
+15814907215
+15793614624
+18735621531
+14505580177
+14184507059
+14184505259
+14505585145
+15818495684
+15814901649
+14505589756
+14184509252
+14505582898
+15819805692
+15819883263
+15819887231
+15819801170
+14189435183
+15817489498
+14184505213
+18735625152
+15794209735
+15816732230
+15818491759
+15818497234
+15794204432
+15816686244
+14505584784
+15814900066
+15816732175
+15817487358
+15816732337
+15816737682
+15814902826
+15819797799
+15818491707
+14189434432
+14505585284
+15814906043
+15793617281
+14505588543
+15817489185
+15814900704
+15818496013
+15814909034
+15817489268
+15814905495
+15818491844
+15819805538
+15816683188
+15817487424
+18735621977
+15816731948
+18735621726
+15793610006
+15819795844
+15814908567
+14505582929
+14184505831
+15819886926
+15817488955
+15794204797
+15794206304
+15793613907
+15817484626
+15794205664
+15817484749
+15793611716
+15814907727
+15817483270
+14505581606
+15819798359
+15817487472
+14184504337
+15819794146
+14189436962
+18735628701
+15793615566
+15819887261
+15794202457
+15819797819
+15818492345
+14189432262
+14505585708
+15794204057
+15818496409
+14505587633
+18735628249
+14184506500
+15816687931
+15819797040
+15814907017
+15819802301
+15794202207
+15793619360
+14189437843
+15819888369
+15817486991
+15794201181
+15816688631
+15819808866
+15794208945
+15816683592
+18735622032
+15819804905
+14505589726
+15794200852
+15819793899
+18735623333
+15816738984
+15816686711
+14189430929
+18735625958
+14505580938
+15816685270
+14189437203
+15819793590
+15818499064
+18735625682
+15793610461
+15816737340
+15814905486
+15819809944
+15819885345
+15793613753
+15793613104
+15819800318
+15819790906
+15794206133
+14505586653
+15793614568
+18735626336
+14184505248
+15814909364
+18735623481
+18735625817
+15816735716
+15814904097
+15819880296
+15817480198
+15814908829
+15819802075
+15793616693
+14505584012
+18735621908
+15794204353
+15816689082
+15819883776
+15819796965
+15793613174
+15816687652
+15793611198
+15819799649
+18735627023
+15818494871
+15814905467
+15819795298
+15819793093
+15814901493
+15819882424
+15819805116
+14505584430
+15817487063
+15819889855
+18735628735
+15819881123
+15794209559
+15794209571
+15816732101
+15819792158
+15819884621
+15819796624
+15819882992
+14505587640
+15814904262
+14184506254
+15793615479
+18735629658
+15819799252
+15819888462
+15817482532
+15819881195
+15816689879
+15819809778
+15814903139
+14189432978
+15814900642
+15794203016
+18735622568
+15816685793
+14184506747
+15816733508
+15816685293
+15816737446
+15817488611
+15794200160
+14189435116
+15816735937
+14189433576
+14184509037
+15819800406
+15814901364
+15818498873
+15819887628
+15816681165
+15816732954
+15819804894
+15793616443
+15819880375
+15819880236
+15816730867
+15819807845
+15816684414
+15818498211
+15794205635
+15816738218
+15816732891
+14189438624
+15819798356
+15794209285
+14505588971
+15819790140
+15819801016
+15819886547
+14505585631
+15793612028
+18735625114
+15818493901
+15819797222
+15793617691
+15816684657
+15816734368
+15816734992
+15816730310
+15816730198
+18735625025
+15793612104
+15819887255
+15794208455
+15819883915
+15818492098
+15794201541
+14189437350
+15793611305
+18735629217
+15793611732
+15817484394
+18735624448
+15817481817
+15819790576
+15814908151
+15818495506
+15819793138
+15817482778
+18735629508
+15819803341
+15819792401
+18735627770
+15818496465
+15819888601
+15819880755
+15816733521
+15814908953
+14505581886
+15794209517
+15794200528
+14505583397
+15819883723
+15816687462
+15819791124
+15814905562
+14184505468
+15794206967
+15819799153
+15794207331
+15819885834
+15819796876
+15818494174
+15793614611
+15814901944
+15816730236
+14189439245
+15816680408
+18735626939
+15816681223
+14505582706
+15819881734
+15816736929
+15819791040
+15793611404
+15816685436
+15814908179
+15819888423
+15816739892
+15816689565
+15814902757
+15818499551
+15794205432
+15794204728
+15819886237
+15814907429
+14505584443
+15794208620
+14184509696
+15818497199
+15816732910
+15816681293
+15816738259
+15814909693
+15819804797
+15816731808
+15816683604
+15816682916
+15819805616
+15819880796
+15819889443
+15794205527
+15817489062
+14184509898
+14505588628
+15818491686
+15819808858
+15818498517
+15819795460
+15794202375
+15814901799
+15817481118
+15814905062
+15819881171
+14189433790
+15816688527
+15819792372
+15794207676
+15819889351
+15794200095
+14505582505
+15818498494
+15814901864
+15819793301
+15819884494
+15819888323
+14184503797
+14505582338
+15816730169
+15794204535
+15794206246
+15818499763
+15819806764
+14184509640
+15819889557
+15819885096
+15818496127
+15814904094
+15816739216
+15819795855
+15814908157
+15793614112
+14184505031
+15819804842
+15817487994
+14189439708
+15816737618
+15818494176
+15818495562
+15817486835
+15817480504
+15819798277
+14505583956
+15819880793
+15818495082
+15819794165
+15814900511
+15817483505
+15817485290
+14189436472
+15794209579
+15816736087
+15819806651
+15814903908
+15816680377
+15819808890
+15817484832
+15819886381
+15793617078
+14184506825
+15816689169
+15818490156
+15818490914
+15816688611
+14184509813
+15819883899
+15818497365
+15819791247
+15819885404
+15818491778
+18735627042
+15819793685
+15819884826
+14505580747
+15794201648
+18735626260
+15819805052
+14505586129
+15819808919
+15814903734
+14184504059
+14184504504
+15816685070
+15814901831
+15793616756
+15819807335
+15819790043
+15814900887
+18735627369
+15794206369
+14184508268
+15794200442
+15814901155
+15816733417
+15814907033
+15818494908
+15819882525
+15816737038
+15819806531
+15794208069
+14184508406
+14189437811
+15816688939
+14189435460
+15816687383
+14184503440
+15793618945
+15794201242
+15816681136
+15793610210
+15794201497
+15818495518
+15817484151
+14189430596
+15816734516
+15819887015
+15817485991
+14189435097
+15819889067
+15817483560
+15816684869
+15816688158
+18735627174
+18735621871
+15814907641
+14505589420
+14189432194
+15814906059
+15794208405
+15819806503
+15818492293
+15819887757
+15819802959
+18735628072
+15816730316
+15816689483
+15793615841
+14189436478
+15794202541
+15816735200
+15819804702
+15794204636
+14505584874
+15819790557
+15819808307
+15817486110
+15793613260
+15794208339
+15816687787
+15816733940
+14189438676
+14505586622
+15819800793
+14189437479
+14184505927
+15818495872
+15818497951
+18735625905
+14189439920
+15819794686
+15818498179
+15816738715
+15794200734
+15816739337
+15793613796
+14184509662
+15817487259
+15819804246
+15819796816
+15819801176
+14184504413
+15818493464
+15794201731
+15816737774
+15816731285
+18735625021
+15816730280
+15819803952
+15819795303
+15819806058
+15817487945
+15819806412
+15816685794
+15816736393
+15818499142
+14184509205
+14189430105
+15816685942
+14184506798
+15819793529
+15819805563
+15818494399
+14505584071
+15819798945
+18735623207
+15818490147
+14184503773
+15816732171
+14505583351
+15816737532
+18735628315
+18735628278
+14189434967
+15793613956
+15816681711
+15793619283
+15819803416
+14189437801
+14189438483
+14189430752
+15819791811
+15816736742
+18735623597
+15817483755
+15793613935
+15816688168
+15819806774
+15819802837
+15819803989
+15819796268
+18735626080
+14184503134
+15819804966
+18735624463
+15817480162
+15816687069
+15816731134
+15794209968
+15819886511
+15793616751
+14189438057
+15816686223
+18735623681
+14184504216
+15819802281
+14184508322
+15819795158
+15816735422
+15817483210
+15816733383
+15816738082
+15793618187
+15817487264
+14189431653
+15816730611
+15816689699
+15814904434
+15817487522
+15819795634
+15816730237
+15814909338
+15816683738
+15816735558
+15818493033
+15819884973
+15819793766
+14189430351
+14505582911
+15794205954
+18735627896
+14505588627
+15818490529
+18735628366
+15816736030
+15816685853
+15819880545
+15819801058
+14505589778
+15793616253
+18735622721
+15819799837
+15816736479
+15816683917
+15793610967
+15817483027
+15819882379
+15816736648
+14189433764
+14189439606
+15818498102
+15814905845
+15819796953
+15794204889
+15818490050
+14505583761
+14184507986
+15818494800
+15819802237